{
 "cells": [
  {
   "cell_type": "code",
   "execution_count": 1,
   "metadata": {},
   "outputs": [],
   "source": [
    "import numpy as np"
   ]
  },
  {
   "cell_type": "markdown",
   "metadata": {},
   "source": [
    "# 动态规划寻找最优策略\n",
    "## 策略评估、策略迭代、价值迭代\n",
    "## 1. 定义小型方格世界环境"
   ]
  },
  {
   "cell_type": "code",
   "execution_count": 2,
   "metadata": {},
   "outputs": [],
   "source": [
    "class ENV(object):\n",
    "    def __init__(self):\n",
    "        self.action = np.arange(0,4,1)\n",
    "        self.state = np.arange(0,16,1)\n",
    "        self.action_space_n = len(self.action)\n",
    "        self.state_space_n = len(self.state)\n",
    "        self.P = self.get_P()\n",
    "        \n",
    "    def get_P(self):\n",
    "        rst = dict()\n",
    "        for s in self.state:\n",
    "            action_dict = dict()\n",
    "            for a in self.action:\n",
    "                next_state = self.get_next_state(a, s)\n",
    "                reward = -1\n",
    "                flag = False\n",
    "                if next_state == 15:\n",
    "                    flag = True\n",
    "                    reward = 0  \n",
    "                action_dict[a] = [[self.get_next_state(a, s), reward, 1.0, flag]]\n",
    "            rst[s] = action_dict\n",
    "        return rst\n",
    "                \n",
    "    def get_next_state(self, action, state):\n",
    "        if action == 0:#up\n",
    "            return (lambda x: x if x - 4 < 0 else x - 4)(state)\n",
    "        elif action == 1:#down\n",
    "            return (lambda x: x if x + 4 > 15 else x + 4)(state)\n",
    "        elif action == 2:#left\n",
    "            return (lambda x: x if x % 4 == 0 else x - 1)(state)\n",
    "        else:\n",
    "            return (lambda x: x if x in [3, 7, 11, 15] else x + 1)(state)\n",
    "        "
   ]
  },
  {
   "cell_type": "code",
   "execution_count": 3,
   "metadata": {},
   "outputs": [],
   "source": [
    "env = ENV()"
   ]
  },
  {
   "cell_type": "code",
   "execution_count": 4,
   "metadata": {},
   "outputs": [
    {
     "data": {
      "text/plain": [
       "{0: {0: [[0, -1, 1.0, False]],\n",
       "  1: [[4, -1, 1.0, False]],\n",
       "  2: [[0, -1, 1.0, False]],\n",
       "  3: [[1, -1, 1.0, False]]},\n",
       " 1: {0: [[1, -1, 1.0, False]],\n",
       "  1: [[5, -1, 1.0, False]],\n",
       "  2: [[0, -1, 1.0, False]],\n",
       "  3: [[2, -1, 1.0, False]]},\n",
       " 2: {0: [[2, -1, 1.0, False]],\n",
       "  1: [[6, -1, 1.0, False]],\n",
       "  2: [[1, -1, 1.0, False]],\n",
       "  3: [[3, -1, 1.0, False]]},\n",
       " 3: {0: [[3, -1, 1.0, False]],\n",
       "  1: [[7, -1, 1.0, False]],\n",
       "  2: [[2, -1, 1.0, False]],\n",
       "  3: [[3, -1, 1.0, False]]},\n",
       " 4: {0: [[0, -1, 1.0, False]],\n",
       "  1: [[8, -1, 1.0, False]],\n",
       "  2: [[4, -1, 1.0, False]],\n",
       "  3: [[5, -1, 1.0, False]]},\n",
       " 5: {0: [[1, -1, 1.0, False]],\n",
       "  1: [[9, -1, 1.0, False]],\n",
       "  2: [[4, -1, 1.0, False]],\n",
       "  3: [[6, -1, 1.0, False]]},\n",
       " 6: {0: [[2, -1, 1.0, False]],\n",
       "  1: [[10, -1, 1.0, False]],\n",
       "  2: [[5, -1, 1.0, False]],\n",
       "  3: [[7, -1, 1.0, False]]},\n",
       " 7: {0: [[3, -1, 1.0, False]],\n",
       "  1: [[11, -1, 1.0, False]],\n",
       "  2: [[6, -1, 1.0, False]],\n",
       "  3: [[7, -1, 1.0, False]]},\n",
       " 8: {0: [[4, -1, 1.0, False]],\n",
       "  1: [[12, -1, 1.0, False]],\n",
       "  2: [[8, -1, 1.0, False]],\n",
       "  3: [[9, -1, 1.0, False]]},\n",
       " 9: {0: [[5, -1, 1.0, False]],\n",
       "  1: [[13, -1, 1.0, False]],\n",
       "  2: [[8, -1, 1.0, False]],\n",
       "  3: [[10, -1, 1.0, False]]},\n",
       " 10: {0: [[6, -1, 1.0, False]],\n",
       "  1: [[14, -1, 1.0, False]],\n",
       "  2: [[9, -1, 1.0, False]],\n",
       "  3: [[11, -1, 1.0, False]]},\n",
       " 11: {0: [[7, -1, 1.0, False]],\n",
       "  1: [[15, 0, 1.0, True]],\n",
       "  2: [[10, -1, 1.0, False]],\n",
       "  3: [[11, -1, 1.0, False]]},\n",
       " 12: {0: [[8, -1, 1.0, False]],\n",
       "  1: [[12, -1, 1.0, False]],\n",
       "  2: [[12, -1, 1.0, False]],\n",
       "  3: [[13, -1, 1.0, False]]},\n",
       " 13: {0: [[9, -1, 1.0, False]],\n",
       "  1: [[13, -1, 1.0, False]],\n",
       "  2: [[12, -1, 1.0, False]],\n",
       "  3: [[14, -1, 1.0, False]]},\n",
       " 14: {0: [[10, -1, 1.0, False]],\n",
       "  1: [[14, -1, 1.0, False]],\n",
       "  2: [[13, -1, 1.0, False]],\n",
       "  3: [[15, 0, 1.0, True]]},\n",
       " 15: {0: [[11, -1, 1.0, False]],\n",
       "  1: [[15, 0, 1.0, True]],\n",
       "  2: [[14, -1, 1.0, False]],\n",
       "  3: [[15, 0, 1.0, True]]}}"
      ]
     },
     "execution_count": 4,
     "metadata": {},
     "output_type": "execute_result"
    }
   ],
   "source": [
    "env.P"
   ]
  },
  {
   "cell_type": "code",
   "execution_count": 5,
   "metadata": {},
   "outputs": [
    {
     "data": {
      "text/plain": [
       "array([0, 1, 2, 3])"
      ]
     },
     "execution_count": 5,
     "metadata": {},
     "output_type": "execute_result"
    }
   ],
   "source": [
    "env.action"
   ]
  },
  {
   "cell_type": "code",
   "execution_count": 6,
   "metadata": {},
   "outputs": [
    {
     "data": {
      "text/plain": [
       "array([ 0,  1,  2,  3,  4,  5,  6,  7,  8,  9, 10, 11, 12, 13, 14, 15])"
      ]
     },
     "execution_count": 6,
     "metadata": {},
     "output_type": "execute_result"
    }
   ],
   "source": [
    "env.state"
   ]
  },
  {
   "cell_type": "code",
   "execution_count": 7,
   "metadata": {},
   "outputs": [
    {
     "name": "stdout",
     "output_type": "stream",
     "text": [
      "16\n",
      "4\n"
     ]
    }
   ],
   "source": [
    "print(env.state_space_n)\n",
    "print(env.action_space_n)"
   ]
  },
  {
   "cell_type": "markdown",
   "metadata": {},
   "source": [
    "# 2. 策略评估[小型方格世界]\n",
    "### 基于均一随机策略\n",
    "$$\n",
    "V_{k+1}(s) = \\sum_{a \\in A}\\pi (a|s) (R_{s}^{a} + \\gamma \\sum_{s^{'} \\in S} P^{a}_{s^{'}}v_{k}(s^{'}))\n",
    "$$\n",
    "迭代过程中价值函数更新方式:https://subaochen.github.io/reinforcement%20learning/2019/06/16/policy-evaluation/"
   ]
  },
  {
   "cell_type": "code",
   "execution_count": 8,
   "metadata": {},
   "outputs": [],
   "source": [
    "def convergence_flag(value_table1, value_table2, threshold = 1e-2):\n",
    "    if np.sum(np.fabs(value_table1-value_table2)) < threshold:\n",
    "        return True\n",
    "    else:\n",
    "        return False"
   ]
  },
  {
   "cell_type": "code",
   "execution_count": 13,
   "metadata": {},
   "outputs": [],
   "source": [
    "value_table = np.zeros(16)\n",
    "action_table = [0, 1, 2, 3]\n",
    "pi = 0.25\n",
    "gamma = 1.0\n",
    "value_table\n",
    "iteration_num = 100000"
   ]
  },
  {
   "cell_type": "code",
   "execution_count": 14,
   "metadata": {},
   "outputs": [
    {
     "name": "stdout",
     "output_type": "stream",
     "text": [
      "[Time k=0]\n",
      "[[ 0.   -1.   -1.   -1.  ]\n",
      " [-1.   -1.   -1.   -1.  ]\n",
      " [-1.   -1.   -1.   -0.75]\n",
      " [-1.   -1.   -0.75  0.  ]]\n",
      "[Time k=1]\n",
      "[[ 0.     -1.75   -2.     -2.    ]\n",
      " [-1.75   -2.     -2.     -1.9375]\n",
      " [-2.     -2.     -1.875  -1.4375]\n",
      " [-2.     -1.9375 -1.4375  0.    ]]\n",
      "[Time k=2]\n",
      "[[ 0.       -2.4375   -2.9375   -2.984375]\n",
      " [-2.4375   -2.875    -2.953125 -2.84375 ]\n",
      " [-2.9375   -2.953125 -2.71875  -2.0625  ]\n",
      " [-2.984375 -2.84375  -2.0625    0.      ]]\n",
      "[Time k=3]\n",
      "[[ 0.        -3.0625    -3.828125  -3.9375   ]\n",
      " [-3.0625    -3.6953125 -3.84375   -3.7109375]\n",
      " [-3.828125  -3.84375   -3.5078125 -2.65625  ]\n",
      " [-3.9375    -3.7109375 -2.65625    0.       ]]\n",
      "[Time k=4]\n",
      "[[ 0.         -3.64648438 -4.66796875 -4.85351562]\n",
      " [-3.64648438 -4.453125   -4.68554688 -4.53710938]\n",
      " [-4.66796875 -4.68554688 -4.25       -3.21875   ]\n",
      " [-4.85351562 -4.53710938 -3.21875     0.        ]]\n",
      "[Time k=5]\n",
      "[[ 0.         -4.19189453 -5.46337891 -5.72802734]\n",
      " [-4.19189453 -5.16601562 -5.47705078 -5.32373047]\n",
      " [-5.46337891 -5.47705078 -4.95214844 -3.75146484]\n",
      " [-5.72802734 -5.32373047 -3.75146484  0.        ]]\n",
      "[Time k=6]\n",
      "[[ 0.         -4.70532227 -6.21508789 -6.56079102]\n",
      " [-4.70532227 -5.83447266 -6.22631836 -6.07006836]\n",
      " [-6.21508789 -6.22631836 -5.61425781 -4.25683594]\n",
      " [-6.56079102 -6.07006836 -4.25683594  0.        ]]\n",
      "[Time k=7]\n",
      "[[ 0.         -5.1887207  -6.92687988 -7.35168457]\n",
      " [-5.1887207  -6.46582031 -6.93347168 -6.77850342]\n",
      " [-6.92687988 -6.93347168 -6.24157715 -4.73529053]\n",
      " [-7.35168457 -6.77850342 -4.73529053  0.        ]]\n",
      "[Time k=8]\n",
      "[[ 0.         -5.64535522 -7.60018921 -8.10218811]\n",
      " [-5.64535522 -7.06109619 -7.60319519 -7.44973755]\n",
      " [-7.60018921 -7.60319519 -6.8343811  -5.18884277]\n",
      " [-8.10218811 -7.44973755 -5.18884277  0.        ]]\n",
      "[Time k=9]\n",
      "[[ 0.         -6.07666016 -8.23773193 -8.81357574]\n",
      " [-6.07666016 -7.62427521 -8.23635101 -8.08599091]\n",
      " [-8.23773193 -8.23635101 -7.39601898 -5.61824036]\n",
      " [-8.81357574 -8.08599091 -5.61824036  0.        ]]\n",
      "[Time k=10]\n",
      "[[ 0.         -6.48466682 -8.84107971 -9.48771858]\n",
      " [-6.48466682 -8.15650558 -8.83600426 -8.68853951]\n",
      " [-8.84107971 -8.83600426 -7.92729568 -6.02506256]\n",
      " [-9.48771858 -8.68853951 -6.02506256  0.        ]]\n",
      "[Time k=11]\n",
      "[[  0.          -6.87056303  -9.41236734 -10.1262641 ]\n",
      " [ -6.87056303  -8.66033554  -9.40335512  -9.25933123]\n",
      " [ -9.41236734  -9.40335512  -8.43053341  -6.41022444]\n",
      " [-10.1262641   -9.25933123  -6.41022444   0.        ]]\n",
      "[Time k=12]\n",
      "[[  0.          -7.23581648  -9.9531374  -10.73105669]\n",
      " [ -7.23581648  -9.13695908  -9.94064188  -9.79979372]\n",
      " [ -9.9531374   -9.94064188  -8.90678978  -6.77502227]\n",
      " [-10.73105669  -9.79979372  -6.77502227   0.        ]]\n",
      "[Time k=13]\n",
      "[[  0.          -7.58147824 -10.46516311 -11.30376112]\n",
      " [ -7.58147824  -9.58822918 -10.44916999 -10.31162864]\n",
      " [-10.46516311 -10.44916999  -9.35783207  -7.12040144]\n",
      " [-11.30376112 -10.31162864  -7.12040144   0.        ]]\n",
      "[Time k=14]\n",
      "[[  0.          -7.90871763 -10.94989312 -11.8460785 ]\n",
      " [ -7.90871763 -10.01532412 -10.93071325 -10.7962403 ]\n",
      " [-10.94989312 -10.93071325  -9.78478572  -7.44746554]\n",
      " [-11.8460785  -10.7962403   -7.44746554   0.        ]]\n",
      "[Time k=15]\n",
      "[[  0.          -8.21848372 -11.40885063 -12.3595726 ]\n",
      " [ -8.21848372 -10.41971544 -11.38656081 -11.2551244 ]\n",
      " [-11.40885063 -11.38656081 -10.1890894   -7.75712289]\n",
      " [-12.3595726  -11.2551244   -7.75712289   0.        ]]\n",
      "[Time k=16]\n",
      "[[  0.          -8.51176245 -11.84336694 -12.84578006]\n",
      " [ -8.51176245 -10.80252226 -11.81819496 -11.68959518]\n",
      " [-11.84336694 -11.81819496 -10.57184185  -8.05033417]\n",
      " [-12.84578006 -11.68959518  -8.05033417   0.        ]]\n",
      "[Time k=17]\n",
      "[[  0.          -8.78941291 -12.2547761  -13.30613056]\n",
      " [ -8.78941291 -11.16497871 -12.22683156 -12.10097609]\n",
      " [-12.2547761  -12.22683156 -10.93426457  -8.3279428 ]\n",
      " [-13.30613056 -12.10097609  -8.3279428    0.        ]]\n",
      "[Time k=18]\n",
      "[[  0.          -9.05229193 -12.64428778 -13.74200333]\n",
      " [ -9.05229193 -11.50812224 -12.61374887 -12.49047025]\n",
      " [-12.64428778 -12.61374887 -11.27738718  -8.59079586]\n",
      " [-13.74200333 -12.49047025  -8.59079586   0.        ]]\n",
      "[Time k=19]\n",
      "[[  0.          -9.30117549 -13.01308298 -14.15469117]\n",
      " [ -9.30117549 -11.8330204  -12.98006686 -12.85925458]\n",
      " [-13.01308298 -12.98006686 -11.60227237  -8.83966332]\n",
      " [-14.15469117 -12.85925458  -8.83966332   0.        ]]\n",
      "[Time k=20]\n",
      "[[  0.          -9.53681972 -13.36225412 -14.54542997]\n",
      " [ -9.53681972 -12.14062117 -13.32690758 -13.20841898]\n",
      " [-13.36225412 -13.32690758 -11.90986509  -9.07529757]\n",
      " [-14.54542997 -13.20841898  -9.07529757   0.        ]]\n",
      "[Time k=21]\n",
      "[[  0.          -9.75992375 -13.69285285 -14.91538326]\n",
      " [ -9.75992375 -12.43186365 -13.65528984 -13.53901353]\n",
      " [-13.69285285 -13.65528984 -12.20110257  -9.29839541]\n",
      " [-14.91538326 -13.53901353  -9.29839541   0.        ]]\n",
      "[Time k=22]\n",
      "[[  0.          -9.97116006 -14.00586243 -15.26565823]\n",
      " [ -9.97116006 -12.7076068  -13.96620815 -13.85202051]\n",
      " [-14.00586243 -13.96620815 -12.47684263  -9.50962788]\n",
      " [-15.26565823 -13.85202051  -9.50962788   0.        ]]\n",
      "[Time k=23]\n",
      "[[  0.         -10.17115732 -14.30222222 -15.59729985]\n",
      " [-10.17115732 -12.96868411 -14.26058309 -14.14837869]\n",
      " [-14.30222222 -14.26058309 -12.73791801  -9.70962275]\n",
      " [-15.59729985 -14.14837869  -9.70962275   0.        ]]\n",
      "[Time k=24]\n",
      "[[  0.         -10.36051591 -14.58281562 -15.91130015]\n",
      " [-10.36051591 -13.21587021 -14.53930076 -14.4289711 ]\n",
      " [-14.58281562 -14.53930076 -12.98510292  -9.89897986]\n",
      " [-15.91130015 -14.4289711   -9.89897986   0.        ]]\n",
      "[Time k=25]\n",
      "[[  0.         -10.53980043 -14.84848311 -16.20859675]\n",
      " [-10.53980043 -13.44990833 -14.80318996 -14.69463797]\n",
      " [-14.84848311 -14.80318996 -13.21914031 -10.07826347]\n",
      " [-16.20859675 -14.69463797 -10.07826347   0.        ]]\n",
      "[Time k=26]\n",
      "[[  0.         -10.70954797 -15.10001756 -16.49007865]\n",
      " [-10.70954797 -13.6714952  -15.05304243 -14.94617204]\n",
      " [-15.10001756 -15.05304243 -13.44072672 -10.24801044]\n",
      " [-16.49007865 -14.94617204 -10.24801044   0.        ]]\n",
      "[Time k=27]\n",
      "[[  0.         -10.87026518 -15.33817165 -16.75658672]\n",
      " [-10.87026518 -13.8812952  -15.28960288 -15.18432589]\n",
      " [-15.33817165 -15.28960288 -13.65052643 -10.4087273 ]\n",
      " [-16.75658672 -15.18432589 -10.4087273    0.        ]]\n",
      "[Time k=28]\n",
      "[[  0.         -11.02243301 -15.56365661 -17.00891775]\n",
      " [-11.02243301 -14.07993403 -15.51357979 -15.4098107 ]\n",
      " [-15.56365661 -15.51357979 -13.84916509 -10.5608949 ]\n",
      " [-17.00891775 -15.4098107  -10.5608949    0.        ]]\n",
      "[Time k=29]\n",
      "[[  0.         -11.16650591 -15.77714679 -17.2478257 ]\n",
      " [-11.16650591 -14.2680064  -15.72564161 -15.62330079]\n",
      " [-15.77714679 -15.72564161 -14.03723735 -10.70496767]\n",
      " [-17.2478257  -15.62330079 -10.70496767   0.        ]]\n",
      "[Time k=30]\n",
      "[[  0.         -11.30291478 -15.97928    -17.47402474]\n",
      " [-11.30291478 -14.44607376 -15.92642283 -15.82543394]\n",
      " [-15.97928    -15.92642283 -14.21530464 -10.84137645]\n",
      " [-17.47402474 -15.82543394 -10.84137645   0.        ]]\n",
      "[Time k=31]\n",
      "[[  0.         -11.43206713 -16.17066059 -17.68819086]\n",
      " [-11.43206713 -14.6146688  -16.11652309 -16.01681449]\n",
      " [-16.17066059 -16.11652309 -14.38389964 -10.97052876]\n",
      " [-17.68819086 -16.01681449 -10.97052876   0.        ]]\n",
      "[Time k=32]\n",
      "[[  0.         -11.55434913 -16.35186042 -17.8909642 ]\n",
      " [-11.55434913 -14.77429511 -16.29651088 -16.1980143 ]\n",
      " [-16.35186042 -16.29651088 -14.54352592 -11.09281072]\n",
      " [-17.8909642  -16.1980143  -11.09281072   0.        ]]\n",
      "[Time k=33]\n",
      "[[  0.         -11.67012616 -16.52342116 -18.08295078]\n",
      " [-11.67012616 -14.92543001 -16.46692394 -16.36957503]\n",
      " [-16.52342116 -16.46692394 -14.6946608  -11.20858774]\n",
      " [-18.08295078 -16.36957503 -11.20858774   0.        ]]\n",
      "[Time k=34]\n",
      "[[  0.         -11.77974433 -16.68585551 -18.26472443]\n",
      " [-11.77974433 -15.06852505 -16.62827175 -16.53200937]\n",
      " [-16.68585551 -16.62827175 -14.83775584 -11.31820589]\n",
      " [-18.26472443 -16.53200937 -11.31820589   0.        ]]\n",
      "[Time k=35]\n",
      "[[  0.         -11.88353122 -16.83964901 -18.43682844]\n",
      " [-11.88353122 -15.20400804 -16.78103644 -16.68580286]\n",
      " [-16.83964901 -16.78103644 -14.97323882 -11.42199277]\n",
      " [-18.43682844 -16.68580286 -11.42199277   0.        ]]\n",
      "[Time k=36]\n",
      "[[  0.         -11.98179707 -16.98526128 -18.59977719]\n",
      " [-11.98179707 -15.33228383 -16.92567468 -16.83141513]\n",
      " [-16.98526128 -16.92567468 -15.10151461 -11.52025861]\n",
      " [-18.59977719 -16.83141513 -11.52025861   0.        ]]\n",
      "[Time k=37]\n",
      "[[  0.         -12.07483554 -17.12312755 -18.75405769]\n",
      " [-12.07483554 -15.45373587 -17.06261871 -16.9692814 ]\n",
      " [-17.12312755 -17.06261871 -15.22296665 -11.61329709]\n",
      " [-18.75405769 -16.9692814  -11.61329709   0.        ]]\n",
      "[Time k=38]\n",
      "[[  0.         -12.16292474 -17.25365988 -18.90013109]\n",
      " [-12.16292474 -15.56872713 -17.19227787 -17.09981372]\n",
      " [-17.25365988 -17.19227787 -15.3379579  -11.70138628]\n",
      " [-18.90013109 -17.09981372 -11.70138628   0.        ]]\n",
      "[Time k=39]\n",
      "[[  0.         -12.24632794 -17.37724839 -19.03843394]\n",
      " [-12.24632794 -15.67760131 -17.31503966 -17.22340224]\n",
      " [-17.37724839 -17.31503966 -15.44683208 -11.78478948]\n",
      " [-19.03843394 -17.22340224 -11.78478948   0.        ]]\n",
      "[Time k=40]\n",
      "[[  0.         -12.32529441 -17.49426248 -19.16937963]\n",
      " [-12.32529441 -15.7806838  -17.431271   -17.34041633]\n",
      " [-17.49426248 -17.431271   -15.54991457 -11.86375595]\n",
      " [-19.16937963 -17.34041633 -11.86375595   0.        ]]\n",
      "[Time k=41]\n",
      "[[  0.         -12.40006017 -17.60505188 -19.29335952]\n",
      " [-12.40006017 -15.87828271 -17.54131929 -17.45120573]\n",
      " [-17.60505188 -17.54131929 -15.64751348 -11.93852171]\n",
      " [-19.29335952 -17.45120573 -11.93852171   0.        ]]\n",
      "[Time k=42]\n",
      "[[  0.         -12.47084869 -17.70994772 -19.41074416]\n",
      " [-12.47084869 -15.97068973 -17.64551345 -17.55610156]\n",
      " [-17.70994772 -17.64551345 -15.7399205  -12.00931023]\n",
      " [-19.41074416 -17.55610156 -12.00931023   0.        ]]\n",
      "[Time k=43]\n",
      "[[  0.         -12.53787153 -17.8092635  -19.5218844 ]\n",
      " [-12.53787153 -16.05818107 -17.74416488 -17.65541735]\n",
      " [-17.8092635  -17.74416488 -15.82741184 -12.07633307]\n",
      " [-19.5218844  -17.65541735 -12.07633307   0.        ]]\n",
      "[Time k=44]\n",
      "[[  0.         -12.60132903 -17.90329608 -19.62711241]\n",
      " [-12.60132903 -16.14101821 -17.83756844 -17.74944993]\n",
      " [-17.90329608 -17.83756844 -15.91024898 -12.13979057]\n",
      " [-19.62711241 -17.74944993 -12.13979057   0.        ]]\n",
      "[Time k=45]\n",
      "[[  0.         -12.66141083 -17.99232649 -19.72674271]\n",
      " [-12.66141083 -16.21944873 -17.9260033  -17.83848034]\n",
      " [-17.99232649 -17.9260033  -15.9886795  -12.19987237]\n",
      " [-19.72674271 -17.83848034 -12.19987237   0.        ]]\n",
      "[Time k=46]\n",
      "[[  0.         -12.71829651 -18.07662083 -19.82107306]\n",
      " [-12.71829651 -16.29370706 -18.00973377 -17.92277468]\n",
      " [-18.07662083 -18.00973377 -16.06293783 -12.25675805]\n",
      " [-19.82107306 -17.92277468 -12.25675805   0.        ]]\n",
      "[Time k=47]\n",
      "[[  0.         -12.7721561  -18.15643104 -19.91038541]\n",
      " [-12.7721561  -16.36401514 -18.0890101  -18.00258489]\n",
      " [-18.15643104 -18.0890101  -16.13324591 -12.31061764]\n",
      " [-19.91038541 -18.00258489 -12.31061764   0.        ]]\n",
      "[Time k=48]\n",
      "[[  0.         -12.82315057 -18.23199566 -19.99494669]\n",
      " [-12.82315057 -16.4305831  -18.16406924 -18.07814951]\n",
      " [-18.23199566 -18.16406924 -16.19981387 -12.36161211]\n",
      " [-19.99494669 -18.07814951 -12.36161211   0.        ]]\n",
      "[Time k=49]\n",
      "[[  0.         -12.87143233 -18.30354054 -20.07500964]\n",
      " [-12.87143233 -16.49360991 -18.23513554 -18.14969439]\n",
      " [-18.30354054 -18.23513554 -16.26284068 -12.40989387]\n",
      " [-20.07500964 -18.14969439 -12.40989387   0.        ]]\n",
      "[Time k=50]\n",
      "[[  0.         -12.9171457  -18.37127951 -20.15081355]\n",
      " [-12.9171457  -16.55328393 -18.30242138 -18.21743336]\n",
      " [-18.37127951 -18.30242138 -16.3225147  -12.45560723]\n",
      " [-20.15081355 -18.21743336 -12.45560723   0.        ]]\n",
      "[Time k=51]\n",
      "[[  0.         -12.96042729 -18.43541503 -20.22258499]\n",
      " [-12.96042729 -16.60978354 -18.36612788 -18.28156888]\n",
      " [-18.43541503 -18.36612788 -16.37901431 -12.49888882]\n",
      " [-20.22258499 -18.28156888 -12.49888882   0.        ]]\n",
      "[Time k=52]\n",
      "[[  0.         -13.00140646 -18.4961388  -20.29053847]\n",
      " [-13.00140646 -16.66327758 -18.42644544 -18.34229264]\n",
      " [-18.4961388  -18.42644544 -16.43250835 -12.539868  ]\n",
      " [-20.29053847 -18.34229264 -12.539868     0.        ]]\n",
      "[Time k=53]\n",
      "[[  0.         -13.04020571 -18.55363229 -20.3548771 ]\n",
      " [-13.04020571 -16.71392595 -18.48355434 -18.39978614]\n",
      " [-18.55363229 -18.48355434 -16.48315672 -12.57866725]\n",
      " [-20.3548771  -18.39978614 -12.57866725   0.        ]]\n",
      "[Time k=54]\n",
      "[[  0.         -13.07694099 -18.60806736 -20.41579316]\n",
      " [-13.07694099 -16.76188003 -18.53762528 -18.45422121]\n",
      " [-18.60806736 -18.53762528 -16.5311108  -12.61540253]\n",
      " [-20.41579316 -18.45422121 -12.61540253   0.        ]]\n",
      "[Time k=55]\n",
      "[[  0.         -13.11172209 -18.6596067  -20.47346872]\n",
      " [-13.11172209 -16.80728313 -18.58881985 -18.50576054]\n",
      " [-18.6596067  -18.58881985 -16.5765139  -12.65018363]\n",
      " [-20.47346872 -18.50576054 -12.65018363   0.        ]]\n",
      "[Time k=56]\n",
      "[[  0.         -13.14465298 -18.70840434 -20.52807617]\n",
      " [-13.14465298 -16.85027097 -18.63729107 -18.55455819]\n",
      " [-18.70840434 -18.63729107 -16.61950174 -12.68311452]\n",
      " [-20.52807617 -18.55455819 -12.68311452   0.        ]]\n",
      "[Time k=57]\n",
      "[[  0.         -13.17583207 -18.75460614 -20.57977872]\n",
      " [-13.17583207 -16.89097202 -18.68318381 -18.60075999]\n",
      " [-18.75460614 -18.68318381 -16.66020279 -12.71429361]\n",
      " [-20.57977872 -18.60075999 -12.71429361   0.        ]]\n",
      "[Time k=58]\n",
      "[[  0.         -13.20535256 -18.79835018 -20.62873089]\n",
      " [-13.20535256 -16.92950794 -18.72663524 -18.64450403]\n",
      " [-18.79835018 -18.72663524 -16.69873871 -12.7438141 ]\n",
      " [-20.62873089 -18.64450403 -12.7438141    0.        ]]\n",
      "[Time k=59]\n",
      "[[  0.         -13.23330267 -18.83976722 -20.675079  ]\n",
      " [-13.23330267 -16.9659939  -18.76777522 -18.68592106]\n",
      " [-18.83976722 -18.76777522 -16.73522467 -12.77176421]\n",
      " [-20.675079   -18.68592106 -12.77176421   0.        ]]\n",
      "[Time k=60]\n",
      "[[  0.         -13.25976595 -18.87898103 -20.71896157]\n",
      " [-13.25976595 -17.00053894 -18.80672671 -18.72513487]\n",
      " [-18.87898103 -18.80672671 -16.76976971 -12.79822749]\n",
      " [-20.71896157 -18.72513487 -12.79822749   0.        ]]\n",
      "[Time k=61]\n",
      "[[  0.         -13.28482148 -18.91610881 -20.76050976]\n",
      " [-13.28482148 -17.03324633 -18.84360614 -18.76226266]\n",
      " [-18.91610881 -18.84360614 -16.8024771  -12.82328302]\n",
      " [-20.76050976 -18.76226266 -12.82328302   0.        ]]\n",
      "[Time k=62]\n",
      "[[  0.         -13.30854416 -18.95126155 -20.79984775]\n",
      " [-13.30854416 -17.06421381 -18.87852373 -18.79741539]\n",
      " [-18.95126155 -18.87852373 -16.83344458 -12.84700569]\n",
      " [-20.79984775 -18.79741539 -12.84700569   0.        ]]\n",
      "[Time k=63]\n",
      "[[  0.         -13.33100488 -18.98454429 -20.83709311]\n",
      " [-13.33100488 -17.09353394 -18.91158383 -18.83069814]\n",
      " [-18.98454429 -18.91158383 -16.86276471 -12.86946642]\n",
      " [-20.83709311 -18.83069814 -12.86946642   0.        ]]\n",
      "[Time k=64]\n",
      "[[  0.         -13.35227078 -19.01605653 -20.87235716]\n",
      " [-13.35227078 -17.12129436 -18.94288527 -18.86221037]\n",
      " [-19.01605653 -18.94288527 -16.89052512 -12.89073232]\n",
      " [-20.87235716 -18.86221037 -12.89073232   0.        ]]\n",
      "[Time k=65]\n",
      "[[  0.         -13.37240542 -19.04589244 -20.90574531]\n",
      " [-13.37240542 -17.14757802 -18.9725216  -18.89204628]\n",
      " [-19.04589244 -18.9725216  -16.91680879 -12.91086695]\n",
      " [-20.90574531 -18.89204628 -12.91086695   0.        ]]\n",
      "[Time k=66]\n",
      "[[  0.         -13.39146897 -19.07414119 -20.93735733]\n",
      " [-13.39146897 -17.17246351 -19.00058138 -18.92029503]\n",
      " [-19.07414119 -19.00058138 -16.94169427 -12.92993051]\n",
      " [-20.93735733 -18.92029503 -12.92993051   0.        ]]\n",
      "[Time k=67]\n",
      "[[  0.         -13.40951842 -19.10088722 -20.96728772]\n",
      " [-13.40951842 -17.19602518 -19.0271485  -18.94704106]\n",
      " [-19.10088722 -19.0271485  -16.96525595 -12.94797995]\n",
      " [-20.96728772 -18.94704106 -12.94797995   0.        ]]\n",
      "[Time k=68]\n",
      "[[  0.         -13.4266077  -19.12621046 -20.99562593]\n",
      " [-13.4266077  -17.21833346 -19.05230235 -18.97236431]\n",
      " [-19.12621046 -19.05230235 -16.98756423 -12.96506924]\n",
      " [-20.99562593 -18.97236431 -12.96506924   0.        ]]\n",
      "[Time k=69]\n",
      "[[  0.         -13.44278791 -19.15018661 -21.02245666]\n",
      " [-13.44278791 -17.23945503 -19.07611812 -18.99634046]\n",
      " [-19.15018661 -19.07611812 -17.0086858  -12.98124944]\n",
      " [-21.02245666 -18.99634046 -12.98124944   0.        ]]\n",
      "[Time k=70]\n",
      "[[  0.         -13.45810739 -19.17288732 -21.0478601 ]\n",
      " [-13.45810739 -17.25945301 -19.09866697 -19.01904117]\n",
      " [-19.17288732 -19.09866697 -17.02868378 -12.99656892]\n",
      " [-21.0478601  -19.01904117 -12.99656892   0.        ]]\n",
      "[Time k=71]\n",
      "[[  0.         -13.47261193 -19.19438045 -21.07191217]\n",
      " [-13.47261193 -17.27838718 -19.12001632 -19.04053429]\n",
      " [-19.19438045 -19.12001632 -17.04761795 -13.01107347]\n",
      " [-21.07191217 -19.04053429 -13.01107347   0.        ]]\n",
      "[Time k=72]\n",
      "[[  0.         -13.48634489 -19.21473022 -21.09468477]\n",
      " [-13.48634489 -17.29631413 -19.14022997 -19.06088406]\n",
      " [-19.21473022 -19.14022997 -17.06554489 -13.02480643]\n",
      " [-21.09468477 -19.06088406 -13.02480643   0.        ]]\n",
      "[Time k=73]\n",
      "[[  0.         -13.49934731 -19.23399746 -21.11624596]\n",
      " [-13.49934731 -17.31328743 -19.15936833 -19.08015131]\n",
      " [-19.23399746 -19.15936833 -17.0825182  -13.03780885]\n",
      " [-21.11624596 -19.08015131 -13.03780885   0.        ]]\n",
      "[Time k=74]\n",
      "[[  0.         -13.51165805 -19.25223976 -21.13666017]\n",
      " [-13.51165805 -17.32935782 -19.1774886  -19.09839361]\n",
      " [-19.25223976 -19.1774886  -17.09858859 -13.05011959]\n",
      " [-21.13666017 -19.09839361 -13.05011959   0.        ]]\n",
      "[Time k=75]\n",
      "[[  0.         -13.52331391 -19.26951164 -21.15598843]\n",
      " [-13.52331391 -17.34457332 -19.19464494 -19.11566549]\n",
      " [-19.26951164 -19.19464494 -17.11380409 -13.06177545]\n",
      " [-21.15598843 -19.11566549 -13.06177545   0.        ]]\n",
      "[Time k=76]\n",
      "[[  0.         -13.53434972 -19.28586473 -21.1742885 ]\n",
      " [-13.53434972 -17.35897943 -19.21088864 -19.13201858]\n",
      " [-19.28586473 -19.21088864 -17.12821019 -13.07281126]\n",
      " [-21.1742885  -19.13201858 -13.07281126   0.        ]]\n",
      "[Time k=77]\n",
      "[[  0.         -13.54479847 -19.3013479  -21.19161508]\n",
      " [-13.54479847 -17.37261918 -19.22626823 -19.14750174]\n",
      " [-19.3013479  -19.22626823 -17.14184995 -13.08326001]\n",
      " [-21.19161508 -19.14750174 -13.08326001   0.        ]]\n",
      "[Time k=78]\n",
      "[[  0.         -13.55469139 -19.31600742 -21.20801995]\n",
      " [-13.55469139 -17.38553335 -19.24082969 -19.16216126]\n",
      " [-19.31600742 -19.24082969 -17.15476412 -13.09315292]\n",
      " [-21.20801995 -19.16216126 -13.09315292   0.        ]]\n",
      "[Time k=79]\n",
      "[[  0.         -13.56405804 -19.32988711 -21.22355214]\n",
      " [-13.56405804 -17.39776054 -19.25461654 -19.17604096]\n",
      " [-19.32988711 -19.25461654 -17.16699131 -13.10251958]\n",
      " [-21.22355214 -19.17604096 -13.10251958   0.        ]]\n",
      "[Time k=80]\n",
      "[[  0.         -13.57292642 -19.34302846 -21.23825809]\n",
      " [-13.57292642 -17.40933729 -19.26766998 -19.1891823 ]\n",
      " [-19.34302846 -19.26766998 -17.17856806 -13.11138796]\n",
      " [-21.23825809 -19.1891823  -13.11138796   0.        ]]\n",
      "[Time k=81]\n",
      "[[  0.         -13.58132304 -19.35547074 -21.25218173]\n",
      " [-13.58132304 -17.4202982  -19.28002903 -19.20162458]\n",
      " [-19.35547074 -19.28002903 -17.18952897 -13.11978458]\n",
      " [-21.25218173 -19.20162458 -13.11978458   0.        ]]\n",
      "[Time k=82]\n",
      "[[  0.         -13.58927299 -19.36725114 -21.2653647 ]\n",
      " [-13.58927299 -17.43067603 -19.29173062 -19.21340498]\n",
      " [-19.36725114 -19.29173062 -17.1999068  -13.12773453]\n",
      " [-21.2653647  -19.21340498 -13.12773453   0.        ]]\n",
      "[Time k=83]\n",
      "[[  0.         -13.59680004 -19.37840486 -21.27784638]\n",
      " [-13.59680004 -17.44050181 -19.30280974 -19.22455871]\n",
      " [-19.37840486 -19.30280974 -17.20973258 -13.13526158]\n",
      " [-21.27784638 -19.22455871 -13.13526158   0.        ]]\n",
      "[Time k=84]\n",
      "[[  0.         -13.60392668 -19.38896525 -21.28966408]\n",
      " [-13.60392668 -17.44980489 -19.31329949 -19.2351191 ]\n",
      " [-19.38896525 -19.31329949 -17.21903566 -13.14238822]\n",
      " [-21.28966408 -19.2351191  -13.14238822   0.        ]]\n",
      "[Time k=85]\n",
      "[[  0.         -13.61067421 -19.39896388 -21.30085313]\n",
      " [-13.61067421 -17.45861308 -19.32323123 -19.24511772]\n",
      " [-19.39896388 -19.32323123 -17.22784385 -13.14913574]\n",
      " [-21.30085313 -19.24511772 -13.14913574   0.        ]]\n",
      "[Time k=86]\n",
      "[[  0.         -13.61706279 -19.40843061 -21.31144696]\n",
      " [-13.61706279 -17.46695272 -19.33263463 -19.25458446]\n",
      " [-19.40843061 -19.33263463 -17.23618349 -13.15552433]\n",
      " [-21.31144696 -19.25458446 -13.15552433   0.        ]]\n",
      "[Time k=87]\n",
      "[[  0.         -13.62311153 -19.41739375 -21.32147725]\n",
      " [-13.62311153 -17.47484871 -19.34153782 -19.2635476 ]\n",
      " [-19.41739375 -19.34153782 -17.24407948 -13.16157307]\n",
      " [-21.32147725 -19.2635476  -13.16157307   0.        ]]\n",
      "[Time k=88]\n",
      "[[  0.         -13.6288385  -19.42588009 -21.33097396]\n",
      " [-13.6288385  -17.48232467 -19.34996738 -19.27203393]\n",
      " [-19.42588009 -19.34996738 -17.25155544 -13.16730004]\n",
      " [-21.33097396 -19.27203393 -13.16730004   0.        ]]\n",
      "[Time k=89]\n",
      "[[  0.         -13.63426081 -19.43391498 -21.33996548]\n",
      " [-13.63426081 -17.48940294 -19.35794853 -19.28006883]\n",
      " [-19.43391498 -19.35794853 -17.25863371 -13.17272235]\n",
      " [-21.33996548 -19.28006883 -13.17272235   0.        ]]\n",
      "[Time k=90]\n",
      "[[  0.         -13.63939468 -19.44152245 -21.3484787 ]\n",
      " [-13.63939468 -17.49610467 -19.36550512 -19.2876763 ]\n",
      " [-19.44152245 -19.36550512 -17.26533544 -13.17785622]\n",
      " [-21.3484787  -19.2876763  -13.17785622   0.        ]]\n",
      "[Time k=91]\n",
      "[[  0.         -13.64425545 -19.44872524 -21.35653904]\n",
      " [-13.64425545 -17.5024499  -19.37265972 -19.29487908]\n",
      " [-19.44872524 -19.37265972 -17.27168067 -13.18271699]\n",
      " [-21.35653904 -19.29487908 -13.18271699   0.        ]]\n",
      "[Time k=92]\n",
      "[[  0.         -13.64885765 -19.45554486 -21.3641706 ]\n",
      " [-13.64885765 -17.50845759 -19.37943372 -19.30169871]\n",
      " [-19.45554486 -19.37943372 -17.27768835 -13.18731919]\n",
      " [-21.3641706  -19.30169871 -13.18731919   0.        ]]\n",
      "[Time k=93]\n",
      "[[  0.         -13.65321502 -19.46200171 -21.37139619]\n",
      " [-13.65321502 -17.51414569 -19.38584738 -19.30815555]\n",
      " [-19.46200171 -19.38584738 -17.28337645 -13.19167656]\n",
      " [-21.37139619 -19.30815555 -13.19167656   0.        ]]\n",
      "[Time k=94]\n",
      "[[  0.         -13.6573406  -19.46811507 -21.37823741]\n",
      " [-13.6573406  -17.5195312  -19.39191985 -19.31426892]\n",
      " [-19.46811507 -19.39191985 -17.28876197 -13.19580214]\n",
      " [-21.37823741 -19.31426892 -13.19580214   0.        ]]\n",
      "[Time k=95]\n",
      "[[  0.         -13.66124672 -19.47390323 -21.3847147 ]\n",
      " [-13.66124672 -17.52463023 -19.39766929 -19.32005708]\n",
      " [-19.47390323 -19.39766929 -17.293861   -13.19970826]\n",
      " [-21.3847147  -19.32005708 -13.19970826   0.        ]]\n",
      "[Time k=96]\n",
      "[[  0.         -13.66494505 -19.47938349 -21.39084743]\n",
      " [-13.66494505 -17.52945801 -19.40311288 -19.32553733]\n",
      " [-19.47938349 -19.40311288 -17.29868877 -13.20340658]\n",
      " [-21.39084743 -19.32553733 -13.20340658   0.        ]]\n",
      "[Time k=97]\n",
      "[[  0.         -13.66844663 -19.48457221 -21.39665392]\n",
      " [-13.66844663 -17.53402897 -19.4082669  -19.33072606]\n",
      " [-19.48457221 -19.4082669  -17.30325973 -13.20690817]\n",
      " [-21.39665392 -19.33072606 -13.20690817   0.        ]]\n",
      "[Time k=98]\n",
      "[[  0.         -13.67176195 -19.48948492 -21.40215153]\n",
      " [-13.67176195 -17.53835677 -19.41314674 -19.33563876]\n",
      " [-19.48948492 -19.41314674 -17.30758754 -13.21022349]\n",
      " [-21.40215153 -19.33563876 -13.21022349   0.        ]]\n",
      "[Time k=99]\n",
      "[[  0.         -13.67490091 -19.49413629 -21.40735668]\n",
      " [-13.67490091 -17.54245435 -19.417767   -19.34029013]\n",
      " [-19.49413629 -19.417767   -17.31168512 -13.21336245]\n",
      " [-21.40735668 -19.34029013 -13.21336245   0.        ]]\n",
      "[Time k=100]\n",
      "[[  0.         -13.67787289 -19.49854022 -21.41228495]\n",
      " [-13.67787289 -17.54633395 -19.42214147 -19.34469406]\n",
      " [-19.49854022 -19.42214147 -17.31556472 -13.21633442]\n",
      " [-21.41228495 -19.34469406 -13.21633442   0.        ]]\n",
      "[Time k=101]\n",
      "[[  0.         -13.68068676 -19.50270988 -21.41695104]\n",
      " [-13.68068676 -17.55000718 -19.42628324 -19.34886373]\n",
      " [-19.50270988 -19.42628324 -17.31923795 -13.2191483 ]\n",
      " [-21.41695104 -19.34886373 -13.2191483    0.        ]]\n",
      "[Time k=102]\n",
      "[[  0.         -13.68335096 -19.50665773 -21.42136892]\n",
      " [-13.68335096 -17.553485   -19.43020468 -19.35281158]\n",
      " [-19.50665773 -19.43020468 -17.32271577 -13.22181249]\n",
      " [-21.42136892 -19.35281158 -13.22181249   0.        ]]\n",
      "[Time k=103]\n",
      "[[  0.         -13.68587342 -19.51039557 -21.42555179]\n",
      " [-13.68587342 -17.55677782 -19.43391752 -19.35654942]\n",
      " [-19.51039557 -19.43391752 -17.32600859 -13.22433496]\n",
      " [-21.42555179 -19.35654942 -13.22433496   0.        ]]\n",
      "[Time k=104]\n",
      "[[  0.         -13.6882617  -19.51393458 -21.42951214]\n",
      " [-13.6882617  -17.55989547 -19.43743285 -19.36008842]\n",
      " [-19.51393458 -19.43743285 -17.32912624 -13.22672324]\n",
      " [-21.42951214 -19.36008842 -13.22672324   0.        ]]\n",
      "[Time k=105]\n",
      "[[  0.         -13.69052294 -19.51728532 -21.43326182]\n",
      " [-13.69052294 -17.56284728 -19.44076118 -19.36343916]\n",
      " [-19.51728532 -19.44076118 -17.33207805 -13.22898448]\n",
      " [-21.43326182 -19.36343916 -13.22898448   0.        ]]\n",
      "[Time k=106]\n",
      "[[  0.         -13.69266388 -19.52045781 -21.43681203]\n",
      " [-13.69266388 -17.56564206 -19.44391245 -19.36661166]\n",
      " [-19.52045781 -19.44391245 -17.33487283 -13.23112542]\n",
      " [-21.43681203 -19.36661166 -13.23112542   0.        ]]\n",
      "[Time k=107]\n",
      "[[  0.         -13.69469094 -19.52346154 -21.44017338]\n",
      " [-13.69469094 -17.56828817 -19.44689609 -19.36961539]\n",
      " [-19.52346154 -19.44689609 -17.33751894 -13.23315248]\n",
      " [-21.44017338 -19.36961539 -13.23315248   0.        ]]\n",
      "[Time k=108]\n",
      "[[  0.         -13.69661016 -19.52630549 -21.44335593]\n",
      " [-13.69661016 -17.57079351 -19.44972101 -19.37245934]\n",
      " [-19.52630549 -19.44972101 -17.34002428 -13.2350717 ]\n",
      " [-21.44335593 -19.37245934 -13.2350717    0.        ]]\n",
      "[Time k=109]\n",
      "[[  0.         -13.69842729 -19.52899815 -21.44636917]\n",
      " [-13.69842729 -17.57316559 -19.45239566 -19.37515199]\n",
      " [-19.52899815 -19.45239566 -17.34239636 -13.23688883]\n",
      " [-21.44636917 -19.37515199 -13.23688883   0.        ]]\n",
      "[Time k=110]\n",
      "[[  0.         -13.70014776 -19.53154757 -21.44922212]\n",
      " [-13.70014776 -17.57541147 -19.45492802 -19.37770141]\n",
      " [-19.53154757 -19.45492802 -17.34464224 -13.23860929]\n",
      " [-21.44922212 -19.37770141 -13.23860929   0.        ]]\n",
      "[Time k=111]\n",
      "[[  0.         -13.7017767  -19.53396137 -21.4519233 ]\n",
      " [-13.7017767  -17.57753789 -19.45732567 -19.38011521]\n",
      " [-19.53396137 -19.45732567 -17.34676866 -13.24023824]\n",
      " [-21.4519233  -19.38011521 -13.24023824   0.        ]]\n",
      "[Time k=112]\n",
      "[[  0.         -13.70331899 -19.53624676 -21.4544808 ]\n",
      " [-13.70331899 -17.57955119 -19.45959578 -19.38240061]\n",
      " [-19.53624676 -19.45959578 -17.34878196 -13.24178053]\n",
      " [-21.4544808  -19.38240061 -13.24178053   0.        ]]\n",
      "[Time k=113]\n",
      "[[  0.         -13.70477923 -19.53841058 -21.45690224]\n",
      " [-13.70477923 -17.58145738 -19.46174513 -19.38456443]\n",
      " [-19.53841058 -19.46174513 -17.35068815 -13.24324077]\n",
      " [-21.45690224 -19.38456443 -13.24324077   0.        ]]\n",
      "[Time k=114]\n",
      "[[  0.         -13.7061618  -19.5404593  -21.45919487]\n",
      " [-13.7061618  -17.58326218 -19.46378014 -19.38661314]\n",
      " [-19.5404593  -19.46378014 -17.35249295 -13.24462334]\n",
      " [-21.45919487 -19.38661314 -13.24462334   0.        ]]\n",
      "[Time k=115]\n",
      "[[  0.         -13.70747082 -19.54239903 -21.46136555]\n",
      " [-13.70747082 -17.58497097 -19.46570689 -19.38855287]\n",
